%YAML:1.0
nkeyframe: 204
a: !!opencv-matrix
   rows: 1
   cols: 7
   dt: f
   data: [ 6.52229115e-02, -2.07063854e-02, -8.05460289e-03,
       7.70717999e-03, -1.04993228e-02, -7.01752782e-01, 7.12301493e-01 ]
b: !!opencv-matrix
   rows: 1
   cols: 7
   dt: f
   data: [ 6.52675554e-02, -3.91239077e-02, -1.38337286e-02,
       1.22194067e-02, -1.05471052e-02, -7.01163411e-01, 7.12817848e-01 ]
c: !!opencv-matrix
   rows: 1
   cols: 7
   dt: f
   data: [ 6.50718510e-02, -5.94514720e-02, -2.01454200e-02,
       1.53497150e-02, -1.34411184e-02, -7.00107276e-01, 7.13746130e-01 ]
d: !!opencv-matrix
   rows: 1
   cols: 7
   dt: f
   data: [ 1.22429445e-01, -7.96784386e-02, -4.05816212e-02,
       7.22406060e-03, -4.52369861e-02, -7.23081470e-01, 6.89242065e-01 ]
e: !!opencv-matrix
   rows: 1
   cols: 7
   dt: f
   data: [ 1.08853824e-01, -3.44906986e-01, -9.55925062e-02,
       4.90146168e-02, -4.04714265e-05, -7.19378412e-01, 6.92886889e-01 ]
f: !!opencv-matrix
   rows: 1
   cols: 7
   dt: f
   data: [ 2.23865122e-01, -9.40485671e-02, -3.61035243e-02,
       -5.99547615e-03, -1.84827223e-02, -7.06124067e-01, 7.07821488e-01 ]
g: !!opencv-matrix
   rows: 1
   cols: 7
   dt: f
   data: [ 7.53649712e-01, -1.04820251e-01, -1.67511091e-01,
       -6.50236458e-02, 7.55195841e-02, -6.70697510e-01, 7.35005796e-01 ]
h: !!opencv-matrix
   rows: 1
   cols: 7
   dt: f
   data: [ 1.41484529e-01, -4.44500260e-02, 9.11761075e-03,
       -6.32656589e-02, 3.25573906e-02, -6.89284027e-01, 7.20988929e-01 ]
i: !!opencv-matrix
   rows: 1
   cols: 7
   dt: f
   data: [ 1.40538245e-01, -3.73455100e-02, 2.20309962e-02,
       -6.56624362e-02, 3.14544998e-02, -6.89059019e-01, 7.21038640e-01 ]
j: !!opencv-matrix
   rows: 1
   cols: 7
   dt: f
   data: [ 1.42833576e-01, -3.11068725e-02, 4.69371267e-02,
       -7.24753588e-02, 3.36396322e-02, -6.85230315e-01, 7.23930299e-01 ]
ab: !!opencv-matrix
   rows: 1
   cols: 7
   dt: f
   data: [ 1.46278188e-01, -2.68168505e-02, 6.37843907e-02,
       -7.48696476e-02, 3.74597460e-02, -6.81998014e-01, 7.26546645e-01 ]
bb: !!opencv-matrix
   rows: 1
   cols: 7
   dt: f
   data: [ 1.61869019e-01, -2.61126342e-03, 1.14540190e-01,
       -7.52958432e-02, 4.92259376e-02, -6.78565323e-01, 7.29010582e-01 ]
cb: !!opencv-matrix
   rows: 1
   cols: 7
   dt: f
   data: [ 1.61926627e-01, -2.23411038e-03, 1.14294425e-01,
       -7.51121119e-02, 4.86671105e-02, -6.78913534e-01, 7.28742838e-01 ]
db: !!opencv-matrix
   rows: 1
   cols: 7
   dt: f
   data: [ 1.61963254e-01, -2.24178913e-03, 1.14266396e-01,
       -7.52061754e-02, 4.86883633e-02, -6.79030836e-01, 7.28622377e-01 ]
eb: !!opencv-matrix
   rows: 1
   cols: 7
   dt: f
   data: [ 1.62087262e-01, -2.83439015e-03, 1.14219300e-01,
       -7.37826750e-02, 4.99128625e-02, -6.78873360e-01, 7.28831768e-01 ]
fb: !!opencv-matrix
   rows: 1
   cols: 7
   dt: f
   data: [ 1.82818383e-01, -3.44294220e-01, 3.40063363e-01,
       -3.55976857e-02, 3.88874114e-02, -6.94260240e-01, 7.17790604e-01 ]
gb: !!opencv-matrix
   rows: 1
   cols: 7
   dt: f
   data: [ -5.21953225e-01, -9.30922806e-01, 1.15703213e+00,
       1.91631675e-01, -1.49681062e-01, -7.65534341e-01, 5.95676184e-01 ]
hb: !!opencv-matrix
   rows: 1
   cols: 7
   dt: f
   data: [ -1.12308562e+00, -1.14919424e+00, 1.28665471e+00,
       1.90124005e-01, -1.80196375e-01, -7.55612671e-01, 6.00359619e-01 ]
ib: !!opencv-matrix
   rows: 1
   cols: 7
   dt: f
   data: [ -1.41560626e+00, -1.19281602e+00, 1.33778405e+00,
       2.11269021e-01, -2.03430906e-01, -7.61050880e-01, 5.78604221e-01 ]
jb: !!opencv-matrix
   rows: 1
   cols: 7
   dt: f
   data: [ -1.59516656e+00, -1.21961319e+00, 1.36255169e+00,
       2.44423181e-01, -2.30992481e-01, -7.65310109e-01, 5.48817158e-01 ]
ac: !!opencv-matrix
   rows: 1
   cols: 7
   dt: f
   data: [ -2.12083554e+00, -1.35167003e+00, 1.40792358e+00,
       2.83625454e-01, -2.82622695e-01, -7.51878142e-01, 5.23794055e-01 ]
bc: !!opencv-matrix
   rows: 1
   cols: 7
   dt: f
   data: [ -2.41060662e+00, -1.40617013e+00, 1.45584989e+00,
       2.98722029e-01, -2.75176078e-01, -7.47887075e-01, 5.25079191e-01 ]
cc: !!opencv-matrix
   rows: 1
   cols: 7
   dt: f
   data: [ -2.78359294e+00, -1.47251809e+00, 1.52381504e+00,
       2.94570565e-01, -2.82267660e-01, -7.49056637e-01, 5.21983981e-01 ]
dc: !!opencv-matrix
   rows: 1
   cols: 7
   dt: f
   data: [ -3.19147253e+00, -1.45962620e+00, 1.63815391e+00,
       3.02701145e-01, -2.89128423e-01, -7.47672915e-01, 5.15521049e-01 ]
ec: !!opencv-matrix
   rows: 1
   cols: 7
   dt: f
   data: [ -3.68860579e+00, -1.53785515e+00, 1.72299206e+00,
       -3.68292212e-01, 3.56912702e-01, 7.40543485e-01, -4.34245974e-01 ]
fc: !!opencv-matrix
   rows: 1
   cols: 7
   dt: f
   data: [ -4.01399088e+00, -1.56879210e+00, 1.77799344e+00,
       -3.81222486e-01, 3.79173547e-01, 7.30795026e-01, -4.20518100e-01 ]
gc: !!opencv-matrix
   rows: 1
   cols: 7
   dt: f
   data: [ -4.35252094e+00, -1.59957051e+00, 1.82605839e+00,
       -3.94498348e-01, 3.88617903e-01, 7.28561103e-01, -4.03169781e-01 ]
hc: !!opencv-matrix
   rows: 1
   cols: 7
   dt: f
   data: [ -4.70909548e+00, -1.65021610e+00, 1.85163915e+00,
       -4.00917262e-01, 3.85342658e-01, 7.34633684e-01, -3.88702571e-01 ]
ic: !!opencv-matrix
   rows: 1
   cols: 7
   dt: f
   data: [ -5.14185858e+00, -1.62438357e+00, 1.86109388e+00,
       -3.95888418e-01, 3.93985242e-01, 7.27634788e-01, -3.98240596e-01 ]
jc: !!opencv-matrix
   rows: 1
   cols: 7
   dt: f
   data: [ -5.66029978e+00, -1.52625775e+00, 1.86307096e+00,
       -3.96503866e-01, 3.89765680e-01, 7.30895877e-01, -3.95801216e-01 ]
ad: !!opencv-matrix
   rows: 1
   cols: 7
   dt: f
   data: [ -6.48542118e+00, -1.52431905e+00, 1.73852789e+00,
       -4.36820120e-01, 4.37825561e-01, 7.06891537e-01, -3.43222022e-01 ]
bd: !!opencv-matrix
   rows: 1
   cols: 7
   dt: f
   data: [ -6.95952988e+00, -1.54784048e+00, 1.65426850e+00,
       -4.42335039e-01, 4.44797188e-01, 7.03834295e-01, -3.33335370e-01 ]
cd: !!opencv-matrix
   rows: 1
   cols: 7
   dt: f
   data: [ -7.51823997e+00, -1.65111756e+00, 1.52401924e+00,
       -4.41927493e-01, 4.48378831e-01, 6.98161304e-01, -3.40921283e-01 ]
dd: !!opencv-matrix
   rows: 1
   cols: 7
   dt: f
   data: [ -8.01452446e+00, -1.72763884e+00, 1.42557251e+00,
       -4.43064123e-01, 4.46713805e-01, 6.96579635e-01, -3.44844550e-01 ]
ed: !!opencv-matrix
   rows: 1
   cols: 7
   dt: f
   data: [ -8.59350967e+00, -1.87605679e+00, 1.31166589e+00,
       -4.39390808e-01, 4.50431108e-01, 6.96326673e-01, -3.45219821e-01 ]
fd: !!opencv-matrix
   rows: 1
   cols: 7
   dt: f
   data: [ -9.03106213e+00, -2.04292250e+00, 1.22217286e+00,
       -4.40485120e-01, 4.51836258e-01, 6.94789827e-01, -3.45085412e-01 ]
gd: !!opencv-matrix
   rows: 1
   cols: 7
   dt: f
   data: [ -9.39460945e+00, -2.15254951e+00, 1.17509449e+00,
       -4.45170909e-01, 4.53919083e-01, 6.86522365e-01, -3.52799416e-01 ]
hd: !!opencv-matrix
   rows: 1
   cols: 7
   dt: f
   data: [ -9.87924290e+00, -2.27675176e+00, 1.15622175e+00,
       -4.64112610e-01, 4.43962216e-01, 6.73490167e-01, -3.65934521e-01 ]
id: !!opencv-matrix
   rows: 1
   cols: 7
   dt: f
   data: [ -1.02782536e+01, -2.41925025e+00, 1.17579162e+00,
       -4.49391216e-01, 4.46814597e-01, 6.74688816e-01, -3.78416777e-01 ]
jd: !!opencv-matrix
   rows: 1
   cols: 7
   dt: f
   data: [ -1.06393642e+01, -2.57868910e+00, 1.30229962e+00,
       -3.94062370e-01, 4.11417872e-01, 6.88706815e-01, -4.48478609e-01 ]
ae: !!opencv-matrix
   rows: 1
   cols: 7
   dt: f
   data: [ -1.08199110e+01, -2.69621468e+00, 1.43637419e+00,
       -3.83561403e-01, 3.74108344e-01, 7.04469383e-01, -4.65453029e-01 ]
be: !!opencv-matrix
   rows: 1
   cols: 7
   dt: f
   data: [ -1.11381493e+01, -3.34423137e+00, 2.40453863e+00,
       -4.07122374e-01, 3.58535975e-01, 6.98544562e-01, -4.66624916e-01 ]
